ID	V_R21	V_R31	V_P21	V_P31	V_R21_err	V_R31_err	V_P21_err	V_P31_err	I_R21	I_R31	I_P21	I_P31	I_R21_err	I_R31_err	I_P21_err	I_P31_err	Period	Type	Blazhko	V_mag	I_mag
V1	0.456	0.361	2.101	4.66	0.01	0.009	0.023	0.033	0.476	0.395	2.521	5.197	0.026	0.019	0.061	0.092	0.52059	RRab	-	15.62	15.17
V3	0.459	0.351	2.328	5.035	0.013	0.013	0.037	0.051	0.511	0.43	2.779	5.579	0.028	0.028	0.063	0.086	0.5581967998476464	RRab	Bl	15.53	15.09
V5	0.546	0.389	2.569	5.237	0.02	0.019	0.048	0.067	0.6	0.459	2.479	5.344	0.028	0.023	0.07	0.097	0.5058337293896333	RRab	Bl	15.58	15.16
V6	0.48	0.382	2.128	4.785	0.009	0.009	0.024	0.032	0.489	0.478	2.279	5.071	0.019	0.024	0.065	0.069	0.5143355967025215	RRab	-	15.68	15.24
V7	0.468	0.286	2.368	4.926	0.023	0.023	0.056	0.083	0.486	0.326	2.561	5.158	0.038	0.037	0.074	0.1	0.4974233104434622	RRab	Bl	15.55	15.2
V8	0.321	0.243	2.444	5.277	0.018	0.021	0.077	0.098	0.182	0.284	2.075	0.47	0.129	0.14	0.747	0.588	0.6367192835379315	RRab	Bl	15.27	14.57
V9	0.402	0.322	2.243	4.745	0.008	0.008	0.029	0.038	0.443	0.342	2.655	5.417	0.02	0.022	0.081	0.107	0.54155	RRab	-	15.65	15.19
V10	0.452	0.343	2.4	5.039	0.008	0.008	0.019	0.026	0.484	0.412	2.673	5.702	0.062	0.065	0.266	0.32	0.56955	RRab	Bl	15.65	15.14
V11	0.452	0.37	2.161	4.785	0.008	0.011	0.026	0.03	0.423	0.253	2.296	4.826	0.022	0.023	0.073	0.109	0.5078912407993856	RRab	-	15.61	15.2
V12	0.579	0.793	4.137	4.741	0.109	0.116	0.231	0.296	0.614	0.406	3.515	1.169	0.3	0.271	0.671	0.985	0.3179	RRc	-	15.61	15.28
V14	0.488	0.324	2.492	5.116	0.009	0.008	0.021	0.032	0.481	0.337	2.806	5.633	0.021	0.021	0.054	0.078	0.6358998438089591	RRab	Bl	15.48	15.04
V15	0.412	0.3	2.206	4.587	0.008	0.008	0.022	0.03	0.647	0.718	2.282	4.88	0.038	0.048	0.062	0.051	0.53009	RRab	-	15.63	15.19
V16	0.481	0.382	2.339	5.113	0.011	0.011	0.03	0.039	0.57	0.62	2.813	6.075	0.048	0.038	0.075	0.103	0.5114914777084009	RRab	-	15.68	15.28
V17	0.269	0.045	2.386	6.208	0.04	0.035	0.143	0.781	0.836	0.596	4.396	2.597	0.829	0.563	0.276	0.419	0.5761627029633629	RRab	Bl	15.68	15.17
V18	0.46	0.486	2.478	5.169	0.03	0.038	0.091	0.091	0.436	0.392	2.621	5.364	0.038	0.033	0.079	0.116	0.5164538402343557	RRab	-	15.71	15.24
V22	0.362	0.101	2.502	4.962	0.015	0.013	0.13	0.301	0.487	0.166	2.342	4.419	0.079	0.066	0.215	0.494	0.4814081100850018	RRab	Bl	15.5	15.28
V23	0.441	0.315	2.366	5.158	0.01	0.01	0.034	0.045	0.397	0.332	2.827	5.797	0.051	0.028	0.092	0.149	0.5953816251576768	RRab	Bl	15.61	15.15
V24	0.547	0.303	2.435	5.333	0.022	0.021	0.054	0.085	0.532	0.227	2.63	5.452	0.055	0.058	0.174	0.315	0.6634	RRab	Bl	15.52	14.99
V25	0.462	0.35	2.396	4.709	0.018	0.019	0.059	0.079	0.515	0.349	2.93	5.617	0.099	0.064	0.193	0.34	0.4800603938324688	RRab	-	15.61	15.23
V26	0.48	0.368	2.271	4.99	0.012	0.011	0.031	0.045	0.507	0.33	2.626	5.717	0.026	0.025	0.066	0.099	0.59774	RRab	-	15.58	15.06
V27	0.495	0.359	2.356	5.028	0.01	0.009	0.025	0.034	0.535	0.41	2.577	5.484	0.035	0.039	0.078	0.102	0.5790648853732213	RRab	-	15.64	15.13
V28	0.309	0.075	2.622	1.485	0.052	0.038	0.16	0.725	0.405	0.114	3.226	0.932	0.066	0.065	0.182	0.51	0.4706429074065309	RRab	Bl	15.6	15.24
V29	0.369	0.198	2.297	5.228	0.019	0.02	0.069	0.11	0.186	0.122	2.368	0.285	0.033	0.033	0.216	0.305	0.4717831141097274	RRab	-	15.55	15.2
V30	0.469	0.39	2.18	4.507	0.012	0.011	0.031	0.044	0.401	0.358	2.628	5.141	0.032	0.033	0.16	0.19	0.51209	RRab	-	15.58	15.11
V31	0.497	0.357	2.348	5.028	0.012	0.011	0.029	0.042	0.473	0.359	2.577	5.468	0.015	0.014	0.054	0.077	0.5807271917759651	RRab	-	15.51	15.05
V32	0.419	0.354	2.219	4.733	0.013	0.014	0.04	0.05	0.391	0.321	2.524	5.073	0.03	0.023	0.083	0.125	0.49535	RRab	-	15.56	15.09
V33	0.437	0.315	2.242	4.906	0.016	0.015	0.052	0.073	0.405	0.239	2.506	4.655	0.053	0.047	0.166	0.318	0.525247401797185	RRab	Bl	15.57	15.11
V34	0.186	0.049	3.669	1.233	0.108	0.096	0.538	2.188	0.158	0.266	2.56	5.787	0.127	0.184	1.131	0.778	0.5591	RRab	Bl	15.64	15.2
V35	0.266	0.307	2.595	5.374	0.035	0.033	0.132	0.149	0.368	0.476	2.854	5.918	0.075	0.109	0.278	0.293	0.5297607196935697	RRab	Bl	15.62	15.19
V36	0.414	0.26	2.226	4.791	0.027	0.023	0.064	0.105	0.584	0.336	2.436	5.673	0.048	0.047	0.099	0.201	0.5455911812068621	RRab	-	15.65	15.19
V37	0.144	0.075	2.975	0.128	0.005	0.005	0.042	0.072	0.113	0.058	3.636	0.85	0.02	0.016	0.235	0.442	0.3266379651098849	RRc	-	15.65	15.26
V38	0.443	0.24	2.261	5.207	0.015	0.012	0.042	0.073	0.405	0.189	2.653	5.616	0.022	0.018	0.062	0.128	0.55801	RRab	Bl	15.69	15.21
V39	0.231	0.198	2.889	0.077	0.029	0.023	0.105	0.145	0.409	0.378	2.946	6.113	0.043	0.056	0.132	0.135	0.5870740693139896	RRab	Bl	15.59	15.16
V40	0.455	0.352	2.304	4.934	0.005	0.005	0.016	0.021	0.431	0.404	2.615	5.742	0.02	0.023	0.043	0.05	0.5515375814076274	RRab	-	15.69	15.21
V41	0.257	0.072	2.205	1.802	0.038	0.043	0.181	0.501	0.567	0.294	2.521	5.12	0.061	0.062	0.168	0.27	0.48504	RRab	Bl	15.63	15.29
V42	0.46	0.336	2.349	4.958	0.02	0.02	0.054	0.076	0.598	0.585	2.738	5.887	0.047	0.048	0.105	0.144	0.590077804929173	RRab	-	15.47	15.04
V43	0.475	0.309	2.26	4.788	0.011	0.01	0.031	0.046	0.462	0.383	2.478	5.102	0.027	0.028	0.08	0.11	0.5405193455443632	RRab	Bl	15.58	15.17
V45	0.396	0.293	2.739	5.619	0.02	0.021	0.079	0.107	0.346	0.35	2.864	6.151	0.052	0.065	0.234	0.267	0.5369098992320769	RRab	Bl	15.68	15.21
V46	0.423	0.214	2.501	5.564	0.007	0.006	0.018	0.034	0.417	0.24	2.805	6.025	0.015	0.015	0.043	0.071	0.6133871315462136	RRab	-	15.7	15.15
V47	0.117	0.008	2.224	6.13	0.046	0.04	0.337	5.319	0.643	0.505	1.956	0.79	0.412	0.476	0.669	0.856	0.5465875289464545	RRab	Bl	15.6	15.08
V48	0.463	0.292	2.343	5.168	0.012	0.011	0.03	0.045	0.469	0.313	2.899	5.922	0.054	0.045	0.126	0.216	0.62783	RRab	Bl	15.52	14.93
V49	0.539	0.43	2.111	4.473	0.018	0.016	0.044	0.063	0.63	0.442	2.736	5.674	0.066	0.037	0.127	0.21	0.54820505810255	RRab	Bl	15.53	15.18
V50	0.47	0.431	2.024	4.212	0.021	0.019	0.053	0.068	0.401	0.38	2.362	5.049	0.046	0.044	0.145	0.193	0.5131048108358941	RRab	Bl	15.62	15.25
V51	0.471	0.322	2.407	5.246	0.005	0.005	0.016	0.024	0.526	0.367	2.806	5.911	0.021	0.022	0.094	0.135	0.5839693938986983	RRab	-	15.7	15.15
V52	0.427	0.279	2.277	4.84	0.032	0.028	0.089	0.138	0.481	0.334	2.438	5.062	0.033	0.031	0.076	0.119	0.5162350290393802	RRab	Bl	15.66	15.21
V53	0.438	0.365	2.248	4.789	0.01	0.01	0.03	0.039	0.382	0.252	2.632	5.117	0.012	0.014	0.048	0.064	0.50488	RRab	-	15.68	15.28
V54	0.151	0.15	3.077	0.524	0.019	0.019	0.132	0.139	0.2	0.203	2.988	0.802	0.091	0.076	0.76	0.805	0.5061969143498309	RRab	Bl	15.74	15.26
V55	0.423	0.364	2.35	5.033	0.008	0.008	0.023	0.03	0.342	0.242	2.46	5.92	0.04	0.024	0.188	0.264	0.5298259206818423	RRab	-	15.66	15.24
V56	0.142	0.1	3.137	0.091	0.004	0.004	0.032	0.046	0.133	0.14	3.485	0.208	0.016	0.014	0.105	0.117	0.3295997457771927	RRc	-	15.63	15.27
V57	0.436	0.35	2.222	4.815	0.01	0.01	0.027	0.036	0.372	0.217	2.64	5.259	0.037	0.037	0.117	0.173	0.512184045880096	RRab	-	15.65	15.17
V58	0.421	0.377	2.349	4.776	0.012	0.013	0.038	0.045	0.389	0.389	2.591	5.008	0.029	0.034	0.096	0.103	0.51705	RRab	-	15.57	15.17
V59	0.444	0.287	2.56	5.374	0.007	0.006	0.017	0.03	0.527	0.417	2.704	5.548	0.022	0.017	0.037	0.055	0.5888271171118129	RRab	Bl	15.64	15.16
V60	0.471	0.297	2.707	5.636	0.007	0.007	0.017	0.026	0.434	0.251	3.094	0.264	0.017	0.013	0.057	0.1	0.70773	RRab	-	15.57	15.0
V61	0.568	0.39	2.347	4.689	0.019	0.022	0.053	0.072	0.676	0.413	2.453	4.601	4.116	2.356	5.979	9.011	0.5208947820888363	RRab	Bl	15.61	15.18
V62	0.403	0.236	2.705	5.515	0.01	0.008	0.028	0.046	0.427	0.266	3.165	6.195	0.052	0.037	0.127	0.224	0.6524051210454088	RRab	Bl	15.6	15.08
V63	0.313	0.26	2.447	5.142	0.023	0.028	0.127	0.144	0.368	0.472	3.31	5.709	0.048	0.08	0.312	0.333	0.5704	RRab	Bl	15.68	15.19
V64	0.527	0.348	2.603	5.592	0.015	0.008	0.03	0.051	0.465	0.32	3.179	6.197	0.078	0.069	0.294	0.413	0.605459575485701	RRab	-	15.72	15.15
V65	0.558	0.284	2.528	5.124	0.006	0.006	0.018	0.028	0.465	0.38	2.965	5.909	0.059	0.064	0.13	0.196	0.66835	RRab	-	15.52	15.01
V66	0.341	0.21	2.438	5.321	0.04	0.041	0.14	0.211	0.547	0.279	2.968	6.115	0.085	0.066	0.175	0.335	0.6202	RRab	Bl	15.6	15.1
V67	0.393	0.321	2.264	4.908	0.015	0.011	0.04	0.061	0.538	0.39	2.754	5.93	0.04	0.03	0.061	0.101	0.5683291210776983	RRab	Bl	15.72	15.19
V69	0.481	0.34	2.327	5.125	0.012	0.012	0.03	0.04	0.471	0.417	2.639	5.59	0.023	0.026	0.072	0.088	0.56662	RRab	-	15.72	15.19
V70	0.115	0.185	0.209	1.408	0.02	0.024	0.212	0.122	0.698	0.129	0.379	5.12	0.301	0.358	1.556	3.366	0.4860614495659553	RRc	Bl	15.34	14.93
V71	0.43	0.297	2.345	4.834	0.009	0.01	0.03	0.043	0.564	0.35	2.703	5.679	0.07	0.061	0.163	0.227	0.54905	RRab	Bl	15.68	15.17
V74	0.489	0.38	2.323	4.644	0.015	0.014	0.041	0.059	0.403	0.218	2.896	5.438	0.092	0.073	0.247	0.445	0.4921579359091172	RRab	-	15.65	15.25
V75	0.162	0.075	2.979	5.996	0.004	0.005	0.036	0.069	0.158	0.099	3.117	6.103	0.024	0.016	0.126	0.263	0.3140780740694848	RRc	-	15.65	15.29
V76	0.507	0.325	2.177	4.502	0.023	0.012	0.051	0.089	0.384	0.242	2.287	5.734	0.024	0.02	0.08	0.125	0.5017609817557378	RRab	-	15.68	15.24
V77	0.447	0.312	2.286	4.713	0.011	0.009	0.024	0.038	0.467	0.328	2.551	5.358	0.032	0.033	0.087	0.12	0.4593519505383903	RRab	Bl	15.7	15.29
V78	0.468	0.349	2.465	5.194	0.015	0.014	0.039	0.057	0.43	0.392	2.817	6.182	0.033	0.035	0.131	0.165	0.61192	RRab	Bl	15.59	15.08
V79	1.04	0.628	1.865	4.829	0.108	0.093	0.195	0.293	1.306	0.847	5.742	4.967	0.403	0.285	0.281	0.431	0.48329	RRab	Bl	15.8	15.45
V81	0.38	0.419	2.355	4.951	0.013	0.012	0.034	0.037	0.719	0.422	2.21	4.342	0.081	0.065	0.105	0.166	0.5291201125808935	RRab	-	15.66	15.23
V82	0.45	0.331	2.33	4.674	0.014	0.016	0.039	0.049	0.429	0.311	2.795	5.278	0.025	0.037	0.102	0.122	0.5245361269622174	RRab	-	15.67	15.21
V83	0.409	0.241	2.115	5.03	0.011	0.011	0.037	0.059	0.522	0.393	2.534	5.493	0.034	0.029	0.079	0.116	0.5012698607157942	RRab	-	15.66	15.2
V84	0.49	0.309	2.368	5.178	0.008	0.007	0.02	0.03	0.488	0.332	2.757	6.009	0.022	0.02	0.09	0.126	0.5957302156716937	RRab	-	15.68	15.14
V85	0.131	0.09	3.42	0.947	0.009	0.01	0.078	0.095	0.523	0.029	3.632	4.623	0.168	0.122	0.336	2.206	0.3558133942454732	RRc	-	15.52	15.16
V88	0.183	0.077	3.109	5.836	0.009	0.01	0.057	0.118	0.119	0.109	2.942	0.795	0.037	0.042	0.349	0.34	0.29875	RRc	-	15.67	15.36
V89	0.542	0.385	2.188	4.89	0.011	0.01	0.025	0.037	0.486	0.289	2.638	5.791	0.017	0.021	0.097	0.138	0.5484789537903837	RRab	-	15.61	15.13
V90	0.477	0.322	2.259	4.618	0.008	0.007	0.023	0.036	0.588	0.554	2.904	5.839	0.039	0.036	0.068	0.101	0.51703	RRab	-	15.63	15.22
V91	0.394	0.231	2.363	5.144	0.017	0.016	0.047	0.075	0.275	0.287	2.572	5.859	0.069	0.101	0.384	0.299	0.5301133448684365	RRab	Bl	15.63	15.2
V92	0.34	0.273	2.71	5.169	0.014	0.014	0.054	0.072	0.725	0.254	1.763	3.524	0.094	0.07	0.225	0.46	0.5035497891014269	RRab	Bl	15.58	15.24
V93	0.559	0.273	2.332	5.168	0.014	0.012	0.032	0.056	0.45	0.24	2.857	5.815	0.042	0.024	0.083	0.192	0.6023026222380858	RRab	-	15.66	15.16
V94	0.457	0.29	2.216	4.822	0.019	0.017	0.043	0.067	0.412	0.545	2.891	5.839	0.059	0.062	0.197	0.17	0.5236963876817821	RRab	-	15.67	15.23
V96	0.498	0.35	2.153	4.524	0.006	0.005	0.012	0.02	0.413	0.275	2.493	5.495	0.032	0.027	0.164	0.201	0.4994090482498712	RRab	-	15.66	15.31
V97	0.091	0.082	3.535	1.088	0.007	0.007	0.073	0.092	0.049	0.054	4.648	0.07	0.013	0.024	0.556	0.382	0.3349302986968141	RRc	-	15.71	15.3
V100	0.449	0.284	2.503	5.377	0.008	0.007	0.018	0.028	0.414	0.218	2.927	6.073	0.032	0.023	0.066	0.152	0.6188113996392175	RRab	-	15.67	15.12
V101	0.408	0.261	2.599	5.441	0.011	0.008	0.026	0.046	0.49	0.232	3.053	6.206	0.043	0.03	0.074	0.186	0.6438899170455173	RRab	Bl	15.66	15.11
V104	0.475	0.369	2.208	4.949	0.01	0.009	0.025	0.038	0.505	0.432	2.705	5.689	0.016	0.016	0.056	0.076	0.5699262436119669	RRab	Bl	15.56	15.11
V105	0.067	0.05	3.028	5.416	0.009	0.012	0.189	0.196	0.079	0.058	3.567	5.898	0.029	0.033	0.436	0.546	0.2877468744460724	RRc	-	15.61	15.32
V106	0.489	0.152	1.909	5.158	0.048	0.047	0.123	0.286	0.211	0.566	1.173	4.689	0.072	0.095	0.519	0.304	0.5380900795846658	RRab	Bl	15.68	15.18
V107	0.189	0.093	3.173	0.076	0.007	0.007	0.044	0.079	0.143	0.082	2.364	1.764	0.031	0.038	0.45	0.441	0.3090343155710991	RRc	-	15.66	15.33
V108	0.452	0.397	2.25	4.639	0.01	0.008	0.025	0.035	0.411	0.333	2.664	4.831	0.038	0.026	0.084	0.114	0.51961	RRab	-	15.68	15.25
V109	0.393	0.3	2.33	5.083	0.01	0.011	0.039	0.052	0.46	0.246	2.436	5.398	0.072	0.037	0.232	0.335	0.5339240013110718	RRab	-	15.6	15.17
V110	0.42	0.336	2.44	5.037	0.017	0.017	0.046	0.064	0.428	0.188	3.22	6.111	0.071	0.08	0.329	0.605	0.5354641105710685	RRab	Bl	15.56	15.14
V111	0.384	0.236	2.515	5.41	0.018	0.015	0.05	0.085	0.388	0.288	2.747	5.754	0.058	0.059	0.165	0.225	0.5101912127725395	RRab	Bl	15.66	15.25
V114	0.514	0.322	2.347	5.208	0.011	0.01	0.027	0.037	0.478	0.325	2.847	5.651	0.04	0.052	0.138	0.135	0.597724192642917	RRab	Bl	15.66	15.14
V116	0.379	0.399	1.816	4.722	0.011	0.016	0.056	0.053	0.288	0.409	1.63	4.944	0.023	0.056	0.195	0.109	0.51481	RRab	-	15.66	15.26
V117	0.477	0.23	2.166	4.872	0.021	0.02	0.064	0.107	0.351	0.378	3.68	5.727	0.159	0.136	0.758	0.894	0.6005352790198939	RRab	Bl	15.62	15.11
V118	0.253	0.227	2.062	6.058	0.068	0.06	0.53	0.522	0.375	0.338	0.819	1.276	1.466	1.007	1.901	2.845	0.5034466218668738	RRab	-	15.71	15.3
V119	0.085	0.091	2.75	0.241	0.03	0.031	0.383	0.309	1.006	0.65	2.14	4.154	1.568	0.983	2.564	3.752	0.516778354223433	RRab	Bl	15.67	15.26
V120	0.4	0.236	2.529	5.391	0.005	0.004	0.015	0.024	0.391	0.233	2.969	0.032	0.014	0.012	0.03	0.053	0.6401371411443046	RRab	-	15.7	15.13
V121	0.383	0.395	2.576	4.984	0.023	0.024	0.081	0.095	0.322	0.265	2.63	0.192	0.044	0.052	0.2	0.257	0.5352130896581456	RRab	Bl	15.67	15.15
V122	0.236	0.33	0.505	2.958	0.03	0.031	0.133	0.121	0.512	0.241	2.828	-0.016	0.087	0.064	0.196	0.362	0.5109321500919726	RRab	-	15.69	15.25
V124	0.347	0.129	2.608	6.018	0.007	0.006	0.02	0.043	0.27	0.142	3.318	0.155	0.03	0.025	0.089	0.164	0.7524373472172863	RRab	-	15.58	14.98
V126	0.101	0.077	2.889	0.616	0.006	0.006	0.057	0.075	0.204	0.037	3.657	1.125	0.016	0.016	0.087	0.421	0.3484049490917479	RRc	Bl	15.63	15.22
V128	0.228	0.104	3.151	5.597	0.008	0.008	0.036	0.07	0.182	0.099	3.27	0.125	0.023	0.024	0.158	0.272	0.2920414636554116	RRc	-	15.62	15.31
V129	0.072	0.075	3.722	0.924	0.014	0.014	0.192	0.188	0.174	0.23	2.602	1.399	0.057	0.062	0.343	0.278	0.4060881932765538	RRc	-	15.52	15.07
V130	0.229	0.345	1.677	2.505	0.036	0.037	0.179	0.155	0.053	0.466	4.395	1.58	0.075	0.089	1.528	0.264	0.5590348084203485	RRab	Bl	15.63	15.11
V131	0.252	0.05	3.407	0.418	0.019	0.018	0.076	0.373	0.369	0.062	3.361	1.756	0.087	0.085	0.247	1.233	0.2976903265626992	RRc	-	15.59	15.27
V132	0.084	0.057	3.186	0.557	0.008	0.008	0.09	0.13	0.072	0.064	1.951	5.763	0.047	0.044	0.637	0.717	0.3398571300541065	RRc	-	15.58	15.18
V133	0.483	0.313	2.59	4.86	0.01	0.009	0.027	0.041	0.502	0.393	2.778	5.168	0.028	0.029	0.077	0.102	0.5507230522273927	RRab	Bl	15.66	15.17
V134	0.465	0.258	2.55	5.372	0.011	0.01	0.034	0.054	0.596	0.237	2.751	5.952	0.036	0.035	0.09	0.176	0.618057161278591	RRab	-	15.69	15.08
V135	0.423	0.357	2.491	5.168	0.013	0.012	0.033	0.046	0.483	0.347	2.936	5.813	0.049	0.045	0.106	0.159	0.5683912057530528	RRab	Bl	15.63	15.12
V136	0.461	0.287	2.552	5.326	0.019	0.017	0.056	0.083	0.668	0.364	3.055	6.151	0.088	0.07	0.161	0.278	0.6171782707266021	RRab	-	15.49	14.99
V137	0.468	0.352	2.391	4.936	0.008	0.009	0.024	0.032	0.474	0.262	2.632	5.6	0.028	0.032	0.097	0.146	0.57515	RRab	-	15.6	15.1
V139	0.493	0.367	2.279	5.047	0.01	0.01	0.027	0.036	0.459	0.258	2.674	5.418	0.029	0.032	0.122	0.187	0.55999	RRab	-	15.45	15.04
V140	0.168	0.096	2.823	0.324	0.008	0.01	0.059	0.091	0.304	0.2	3.189	6.009	0.042	0.035	0.132	0.197	0.333139289445266	RRc	Bl	15.47	15.14
V142	0.471	0.371	2.361	5.067	0.009	0.008	0.024	0.033	0.445	0.317	2.677	5.505	0.019	0.022	0.068	0.1	0.56863	RRab	-	15.69	15.18
V143	0.513	0.304	2.316	5.045	0.015	0.014	0.038	0.062	0.421	0.094	2.606	0.857	0.079	0.058	0.373	1.102	0.5965374831627199	RRab	Bl	15.29	14.81
V144	0.274	0.085	2.24	5.487	0.019	0.018	0.067	0.194	0.445	0.178	3.137	0.403	0.075	0.073	0.198	0.421	0.5967899439639568	RRab	Bl	15.56	15.06
V145	0.498	0.32	2.353	4.815	0.014	0.014	0.038	0.058	0.54	1.192	5.717	1.881	0.127	0.184	0.46	0.559	0.5144880413872412	RRab	-	15.35	14.88
V146	0.445	0.335	2.413	5.076	0.014	0.011	0.035	0.052	0.495	0.431	2.896	5.437	0.183	0.127	0.263	0.418	0.5021958849507803	RRab	-	15.66	15.25
V147	0.064	0.06	3.348	0.404	0.009	0.009	0.14	0.142	0.144	0.081	3.207	-0.002	0.02	0.02	0.179	0.305	0.3464826851756594	RRc	-	15.66	15.25
V148	0.461	0.354	2.381	4.604	0.011	0.012	0.035	0.048	0.515	0.24	2.568	5.46	0.086	0.088	0.361	0.587	0.4672736161393506	RRab	-	15.71	15.39
V149	0.34	0.077	1.948	5.193	0.038	0.036	0.124	0.44	0.291	0.202	1.864	0.284	0.11	0.116	0.529	0.717	0.5540980915133229	RRab	Bl	15.52	15.15
V150	0.521	0.38	2.243	4.87	0.013	0.012	0.032	0.047	0.398	0.29	2.746	5.317	0.031	0.031	0.093	0.118	0.5239239854020392	RRab	Bl	15.58	15.18
V151	0.318	0.203	2.911	5.676	0.023	0.02	0.106	0.174	0.204	0.229	0.463	4.251	0.07	0.073	0.263	0.271	0.5168228198611434	RRab	Bl	15.56	15.16
V152	0.116	0.036	3.743	1.07	0.014	0.013	0.113	0.384	0.136	0.079	2.776	0.616	0.037	0.028	0.297	0.561	0.3261294485404447	RRc	-	15.48	15.18
V155	0.202	0.084	2.874	2.011	0.02	0.018	0.097	0.234	0.246	0.241	4.902	4.665	0.223	0.109	0.812	1.111	0.3323230023625385	RRc	-	15.55	15.15
V156	0.509	0.336	2.327	5.091	0.012	0.011	0.033	0.048	0.679	0.427	2.693	5.838	0.058	0.064	0.118	0.182	0.53198890659547	RRab	-	15.51	15.01
V157	0.312	0.249	1.534	2.48	0.07	0.061	0.206	0.304	0.214	0.18	2.667	5.394	0.084	0.081	0.398	0.528	0.54285	RRab	Bl	15.44	14.88
V160	0.447	0.182	2.51	5.737	0.018	0.017	0.056	0.12	0.528	0.212	2.709	0.118	0.045	0.043	0.107	0.191	0.6573187205029876	RRab	Bl	15.57	14.99
V161	2.686	1.298	5.196	1.127	0.47	0.256	0.37	0.567	3.285	1.191	0.087	1.096	2.88	1.249	1.412	2.227	0.52656	RRab	Bl	15.57	14.99
V165	0.496	0.354	2.409	5.009	0.014	0.013	0.033	0.049	0.474	0.359	2.489	5.305	0.027	0.029	0.079	0.103	0.4836331148141252	RRab	Bl	15.52	15.17
V167	0.283	0.227	2.722	5.812	0.013	0.013	0.046	0.062	0.185	0.236	2.893	0.346	0.082	0.085	0.334	0.321	0.6439566557197655	RRab	Bl	15.66	15.12
V168	0.108	0.079	2.775	0.619	0.024	0.022	0.199	0.294	0.176	0.172	3.739	1.307	0.064	0.07	0.418	0.45	0.27594	RRc	Bl	15.51	15.16
V170	0.086	0.214	2.929	2.884	0.027	0.03	0.345	0.15	0.83	0.575	0.586	2.362	0.203	0.18	0.188	0.268	0.4320762246620357	RRc	-	15.25	14.83
V171	0.115	0.359	4.114	0.061	0.063	0.07	0.623	0.273	0.657	1.362	4.171	4.341	0.259	0.377	0.546	0.665	0.30328	RRc	-	15.47	15.12
V172	0.516	0.381	2.064	4.818	0.014	0.013	0.037	0.054	0.487	0.445	2.87	5.64	0.025	0.028	0.084	0.104	0.54229	RRab	-	15.66	15.18
V173	0.562	0.322	2.506	5.024	0.034	0.031	0.086	0.135	1.233	1.816	1.418	4.653	0.404	0.491	0.37	0.537	0.607	RRab	-	15.46	14.95
V174	0.474	0.247	2.356	4.079	0.042	0.04	0.103	0.174	0.584	0.415	4.606	1.588	0.104	0.107	0.271	0.358	0.5913	RRab	Bl	15.6	15.02
V175	0.425	0.29	2.272	5.157	0.01	0.01	0.038	0.053	0.438	0.308	2.685	5.753	0.043	0.048	0.142	0.178	0.5696992795484155	RRab	-	15.68	15.16
V176	0.316	0.363	1.774	5.827	0.056	0.061	0.222	0.233	2.648	3.362	4.179	2.717	2.664	3.262	1.297	1.898	0.5379113496099622	RRab	Bl	15.67	15.14
V177	0.066	0.048	2.918	0.308	0.013	0.013	0.212	0.293	0.13	0.037	3.874	0.974	0.04	0.039	0.351	1.214	0.3483472960009787	RRc	-	15.51	15.11
V178	0.117	0.037	2.712	0.367	0.013	0.01	0.088	0.347	0.132	0.133	2.826	4.694	0.046	0.043	0.252	0.278	0.2669635298948424	RRc	-	15.64	15.4
V180	0.313	0.158	2.682	5.441	0.021	0.021	0.082	0.148	0.262	0.207	2.902	6.049	0.213	0.172	0.634	0.916	0.6091	RRab	-	15.58	15.04
V181	0.472	0.293	2.322	5.385	0.031	0.032	0.091	0.132	0.517	0.576	2.823	5.926	0.142	0.178	0.494	0.586	0.6638418694992031	RRab	-	15.46	14.86
V184	0.336	0.432	3.281	4.156	0.088	0.098	0.293	0.297	0.324	0.309	5.108	0.982	0.146	0.146	0.413	0.518	0.53128	RRab	Bl	15.58	15.22
V186	0.403	0.231	2.401	5.59	0.015	0.017	0.05	0.072	0.477	0.174	2.608	0.248	0.057	0.063	0.15	0.318	0.6632525244421328	RRab	Bl	15.54	15.0
V187	0.444	0.363	2.394	5.151	0.017	0.017	0.056	0.075	0.222	0.52	2.929	6.154	0.136	0.139	0.604	0.478	0.5862798509515138	RRab	-	15.64	15.15
V188	0.109	0.035	1.957	2.588	0.031	0.027	0.238	0.809	0.187	0.149	3.65	5.591	0.067	0.07	0.389	0.469	0.2665196077185578	RRc	-	15.57	15.38
V189	0.442	0.238	2.291	5.219	0.021	0.021	0.066	0.106	0.555	0.115	2.824	5.992	0.202	0.124	0.343	1.602	0.6129417964930103	RRab	-	15.33	14.92
V190	0.419	0.388	2.316	4.994	0.016	0.016	0.045	0.054	0.392	0.422	2.724	5.495	0.049	0.04	0.123	0.161	0.5228	RRab	-	15.62	15.18
V191	0.432	0.133	2.402	4.747	0.031	0.026	0.09	0.24	0.319	0.159	2.919	5.65	0.059	0.06	0.24	0.421	0.5191881437397117	RRab	Bl	15.57	15.24
V195	0.261	0.036	2.651	1.918	0.043	0.046	0.206	1.248	0.059	0.112	4.06	3.029	0.116	0.11	1.712	0.949	0.6439188425826715	RRab	Bl	15.61	14.97
V197	0.436	0.34	2.162	4.65	0.025	0.026	0.071	0.094	0.389	0.266	4.973	0.476	0.301	0.122	0.468	0.636	0.4999	RRab	-	15.64	15.28
V202	0.181	0.025	2.825	6.105	0.011	0.01	0.054	0.393	0.193	0.157	3.622	6.07	0.045	0.041	0.136	0.225	0.7735722698748707	RRab	-	15.57	14.97
V203	0.099	0.024	2.55	4.266	0.016	0.015	0.147	0.598	0.222	0.326	3.908	1.924	0.047	0.055	0.304	0.233	0.2897942864054986	RRc	Bl	15.6	15.31
V207	0.119	0.057	2.359	0.402	0.025	0.03	0.281	0.47	3.647	4.258	1.357	2.732	2.443	2.827	0.633	0.941	0.3453077025466891	RRc	-	15.53	15.12
V208	0.146	0.121	3.181	0.757	0.016	0.015	0.122	0.15	0.282	0.079	4.996	3.171	0.085	0.086	0.319	0.803	0.3383867558383592	RRc	-	15.47	15.03
V209	0.133	0.118	2.933	0.259	0.014	0.014	0.11	0.126	0.202	0.056	3.664	1.977	0.038	0.035	0.244	0.785	0.3482836514497387	RRc	-	15.56	15.15
V210	0.096	0.061	2.93	0.823	0.013	0.012	0.132	0.212	0.096	0.072	2.729	0.48	0.083	0.08	0.961	1.413	0.3529530120636141	RRc	-	15.62	15.23
V211	0.459	0.271	2.436	5.14	0.027	0.025	0.086	0.137	0.614	0.071	1.823	1.83	0.147	0.147	0.345	1.616	0.55820114429084	RRab	Bl	15.64	15.03
V212	0.158	0.227	2.259	1.894	0.05	0.051	0.339	0.279	0.202	0.503	5.897	0.876	0.187	0.197	0.673	0.472	0.54222	RRab	Bl	15.46	15.14
V213	0.666	0.515	2.04	4.101	0.124	0.115	0.253	0.365	3.979	3.507	1.528	4.986	2.858	2.501	1.981	2.971	0.30001	RRc	-	15.35	14.89
V214	0.438	0.307	2.425	4.897	0.019	0.017	0.05	0.076	0.367	0.33	1.945	4.816	0.083	0.086	0.308	0.356	0.5395143461358819	RRab	Bl	15.55	15.11
V215	0.388	0.229	2.014	4.816	0.052	0.046	0.137	0.241	0.673	0.401	2.088	1.476	0.233	0.25	0.467	0.716	0.5287	RRab	-	15.43	14.94
V216	0.242	0.064	3.762	-0.055	0.042	0.042	0.181	0.614	0.213	0.091	5.51	5.265	0.099	0.097	0.539	1.258	0.34648	RRc	-	15.55	15.14
V218	0.417	0.303	2.375	5.212	0.027	0.026	0.065	0.094	0.495	0.431	2.783	5.946	0.06	0.061	0.178	0.232	0.54487	RRab	Bl	15.59	15.06
V219	0.367	0.252	2.394	5.055	0.027	0.024	0.089	0.127	0.407	0.44	2.489	5.006	0.104	0.118	0.341	0.359	0.6136055410665281	RRab	Bl	15.65	15.09
V220	0.372	0.33	2.112	4.373	0.051	0.052	0.177	0.212	2.019	0.564	5.879	0.263	1.199	0.636	1.113	1.699	0.6001123980882203	RRab	Bl	15.59	14.97
V221	0.152	0.05	0.682	1.112	0.109	0.103	0.719	2.233	0.575	0.798	2.061	0.704	0.529	0.555	1.387	1.686	0.37878	RRc	-	15.2	14.82
V222	0.489	0.322	2.338	4.93	0.019	0.018	0.046	0.069	0.575	0.289	2.466	5.229	0.105	0.085	0.205	0.38	0.59674	RRab	-	15.61	15.03
V223	0.231	0.396	3.501	1.845	0.082	0.087	0.363	0.289	0.654	0.609	5.012	2.798	0.178	0.178	0.353	0.473	0.32921	RRc	-	15.51	15.17
V226	0.384	0.167	2.228	3.934	0.049	0.042	0.136	0.308	0.523	0.248	2.842	4.741	0.067	0.055	0.152	0.268	0.48844	RRab	-	15.46	15.19
V229	0.256	0.313	2.177	4.809	0.051	0.054	0.245	0.232	0.627	0.627	2.829	0.577	0.223	0.231	0.438	0.565	0.5111063974319427	RRab	-	15.56	15.04
V234	0.318	0.176	1.15	2.603	0.033	0.033	0.119	0.195	0.733	0.451	2.238	5.017	0.075	0.055	0.153	0.236	0.508024499420624	RRab	-	15.66	15.25
V235	0.378	0.125	2.976	6.011	0.016	0.011	0.043	0.133	0.622	0.267	3.806	0.277	0.099	0.106	0.151	0.35	0.7598434164478087	RRab	-	15.48	14.86
V239	0.163	0.159	2.256	1.609	0.045	0.04	0.236	0.301	0.565	0.553	3.245	5.625	0.198	0.239	0.424	0.44	0.50399	RRab	Bl	15.6	15.31
V240	0.188	0.189	2.569	0.207	0.052	0.052	0.301	0.316	0.245	0.277	1.328	5.443	0.197	0.214	0.946	0.94	0.27601	RRc	-	15.23	14.74
V241	0.54	0.222	2.247	5.313	0.033	0.032	0.092	0.163	0.641	0.304	2.921	5.923	0.092	0.083	0.187	0.318	0.5961757721749074	RRab	-	15.49	15.0
V243	0.486	0.347	2.3	5.118	0.026	0.027	0.067	0.09	0.567	0.266	2.959	5.6	0.134	0.173	0.301	0.425	0.6346208547404933	RRab	Bl	15.48	14.84
V244	0.257	0.167	2.23	5.427	0.076	0.053	0.265	0.517	2.879	1.603	1.427	2.878	11.607	6.888	0.766	1.426	0.53785	RRab	-	15.69	15.31
V245	0.159	0.117	2.337	5.244	0.019	0.018	0.116	0.173	0.2	0.224	5.401	0.478	0.082	0.08	0.454	0.447	0.2840321775116823	RRc	-	15.49	15.15
V246	0.107	0.044	1.712	4.887	0.03	0.029	0.257	0.635	0.818	0.822	1.074	4.471	0.38	0.38	0.451	0.617	0.3391438938991415	RRc	-	15.46	15.06
V247	0.442	0.222	2.487	5.253	0.039	0.035	0.095	0.183	0.413	0.18	3.029	5.64	0.237	0.239	0.756	1.281	0.6053547598837274	RRab	-	15.48	15.08
V248	0.391	0.165	2.338	4.715	0.039	0.035	0.112	0.237	0.553	0.4	1.893	5.395	0.239	0.252	0.574	0.852	0.50978871609466	RRab	-	15.56	15.05
V250n	0.481	0.351	2.439	5.372	0.024	0.023	0.064	0.091	0.419	0.396	2.775	5.813	0.062	0.081	0.219	0.244	0.5743771516626093	RRab	-	15.71	15.1
V250s	0.46	0.231	0.877	2.452	0.075	0.062	0.174	0.326	0.181	0.432	2.216	2.044	0.154	0.131	0.713	0.524	0.5924	RRab	-	15.42	15.02
V254	0.493	0.254	2.471	4.301	0.046	0.039	0.094	0.171	0.428	0.456	2.801	4.103	0.169	0.201	0.619	0.63	0.6056339907389631	RRab	-	15.47	15.01
V255	0.195	0.366	3.116	0.024	0.057	0.062	0.342	0.242	0.454	0.388	0.007	4.529	0.252	0.376	1.064	1.395	0.5727	RRab	Bl	15.48	14.83
V256	0.122	0.096	3.25	5.613	0.016	0.019	0.179	0.194	0.255	0.172	3.13	5.908	0.042	0.042	0.197	0.284	0.3180479909659894	RRc	-	15.63	15.28
V257	0.206	0.308	1.915	4.87	0.042	0.034	0.193	0.185	0.498	0.776	3.767	5.02	0.141	0.168	0.451	0.528	0.60205	RRab	-	15.43	14.89
V258	0.427	0.202	2.644	5.635	0.01	0.008	0.022	0.046	0.409	0.168	3.089	0.331	0.032	0.03	0.085	0.18	0.7134	RRab	-	15.62	15.0
V262	0.472	0.483	1.01	1.701	0.081	0.084	0.212	0.254	0.508	0.205	1.686	2.966	0.119	0.12	0.3	0.567	0.6550508302398416	RRab	-	15.52	15.02
V264	0.308	0.221	2.839	1.482	0.055	0.052	0.204	0.293	0.074	0.29	5.929	1.826	0.165	0.153	1.684	0.716	0.3564655257214182	RRc	-	15.38	14.89
V266	0.089	0.158	4.281	0.494	0.022	0.022	0.255	0.152	0.395	0.054	-0.006	1.276	0.138	0.113	0.347	2.451	0.3424419646277922	RRc	-	15.42	14.95
V269	0.358	0.182	1.188	5.367	0.124	0.127	0.432	0.743	0.434	0.388	1.588	3.615	0.186	0.163	0.482	0.654	0.3533464687252118	RRc	-	14.95	14.78
V270n	0.392	0.28	2.527	4.734	0.034	0.027	0.089	0.145	0.448	0.051	3.027	0.423	0.073	0.08	0.212	0.974	0.62585	RRab	Bl	15.43	14.92
V271	0.511	0.243	2.42	5.142	0.017	0.015	0.043	0.078	0.464	0.224	3.051	5.908	0.026	0.024	0.079	0.151	0.6328	RRab	-	15.66	15.06
V292	0.099	0.057	3.522	2.126	0.022	0.021	0.196	0.369	0.163	0.178	3.433	1.559	0.038	0.046	0.277	0.24	0.2965433000833162	RRc	-	15.61	15.32
